0.7369808833223468
[6, 14, 14, 1]
alpha:  0.5
iterations:  4000
lambd:  0.1
keep_prob:  0.97


0.7310481212920237
[6, 9, 9, 0]
alpha: 0.5
iterations: 5000
lambd: 2.0
keep_prob: 1.0


0.7409360580092288
[13, 2, 13, 2]
alpha: 0.8
iterations: 25000
lambd: 0.0001
keep_prob: 0.95
